0.9999999883710976
1.0000341103626456
1.000136938994285
1.0003091624817546
1.0005515006476264
1.0008645997238783
1.0012491829303354
1.0017059586500061
1.0022356441897982
1.0028389676412721
1.0035166699163636
1.0042695066710643
1.0050982506676265
1.0060036940151953
1.0069866493145176
1.008047954427957
1.0091884761421877
1.0104091122472054
1.0117107941753412
1.0130944910055715
1.0145612151984884
1.0161120256600964
1.01774803224127
1.019470400473011
1.0212803576002805
1.0231792092650638
1.025168341966972
1.0272492248818885
1.0294234282390136
1.0316926333397223
1.0340586470325421
1.0365234181251501
1.039089060302461
1.0417578788040522
1.0445323962564816
1.0474153896210545
1.0504099384068506
1.0535194835435027
1.0567479013116456
1.0600996078139804
1.0635797749037887
1.0671942357742226
1.0709502076984934
1.0757575749571278
1.083333332102927
1.090909085468457
1.098484847117549
1.1060606023909008
1.113636362588106
1.1212121035709872
1.128787872895604
1.1363636231782452
1.1439393518238745
1.1515150719447536
1.1590908018633845
1.1666665547789585
1.1742423307249399
1.1818181187543488
1.1893939087500043
1.196969690252659
1.204545453054639
1.212121095250764
1.2196969080780158
1.2272726871299946
1.2348484520405851
1.242424215027458
1.2499999768123682
1.2575757378667636
1.2651514981334204
1.2727272575712434
1.2803030136071316
1.2878787685194175
1.2954545227031997
1.303030276122987
1.3106060288449595
1.3181817810573135
1.3257575330309979
1.3333332850714295
1.3409090374796513
1.34848479052271
1.3560605444163696
1.3636362993132134
1.3712120553002949
1.3787878124002446
1.3863635705787951
1.3939393297534846
1.4015150896538113
1.4090908500650525
1.4166666111382726
1.4242423727127231
1.4318181346253482
1.43939389671797
1.4469696588470469
1.4545454208875153
1.4621211827367635
1.4696969443158308
1.477272705569118
1.4848484664599928
1.4924242269708867
1.499999987097891
