1.4999999883756605
1.492424229953845
1.4848484742240478
1.4772727129004048
1.4696969542563605
1.4621212007644326
1.4545454432036917
1.4469696829659482
1.4393939253804666
1.4318181671119248
1.4242424091749641
1.416666655159084
1.4090908950985115
1.401515136730992
1.393939386217053
1.3863636270189788
1.3787878694497073
1.371212115061033
1.363636355415244
1.356060598584955
1.3484848364249846
1.340909083952532
1.3333333196927477
1.32575757111314
1.3181818015310602
1.3106060481191426
1.3030302843286177
1.2954545321499809
1.287878777054331
1.2803030208989814
1.2727272727272572
1.2651515151514987
1.2575757575757374
1.249999999999977
1.242424242424214
1.2348484848484511
1.2272727271953652
1.219696969641885
1.2121212121211524
1.2045454545453818
1.1969696969696084
1.1893939238596387
1.1818181815669895
1.174242419521174
1.16666664852279
1.1590909090857564
1.1515151515095146
1.1439393939332387
1.1363636363569274
1.1287878787805752
1.121212107350255
1.1136363636358346
1.1060606060512375
1.098484848474678
1.090909090898046
1.0833333333212847
1.075757575744509
1.068181818168175
1.061368925170021
1.058371313146854
1.0554557373103224
1.0526052599235352
1.0498376575181672
1.047141338016603
1.0445212968284419
1.0419767634465709
1.039507290568031
1.0371144119042182
1.0347969509925166
1.0325550603218052
1.0303883060044705
1.0282972773343853
1.0262814733976373
1.024341298830443
1.0224765927252855
1.0206871743204287
1.0189729727603467
1.0173341014738357
1.015770370601146
1.014281761799093
1.01286816660294
1.011529559547831
1.0102657740233185
1.0090765407491606
1.0079620368772506
1.0069217885095172
1.0059557735620988
1.005063666654615
1.0042452113207254
1.0035001670594865
1.002828210969948
1.0022289443497356
1.001702063920441
1.0012470890032814
1.0008635984686767
1.000551030647381
1.000309012086776
1.000136900029215
1.0000341120221081
0.9999999242450484
