0.9999999242450484
0.999991332601849
0.9999655145960812
0.9999218790678153
0.9998601595412826
0.9997799765656207
0.9996809402631446
0.9995626502281245
0.9994247853489457
0.9992667721126753
0.9990882462562942
0.9988887769704153
0.9986678865975619
0.998425125699347
0.9981600175420017
0.9978720794888959
0.9975608175968649
0.9972257281830545
0.9968662982230085
0.9964820056749201
0.9960723200221198
0.9956367026876873
0.995174607668872
0.9946854821743136
0.9941687673624574
0.9936238991435838
0.9930503090613435
0.9924474252741929
0.9918147323574287
0.9911515556233106
0.9904573645959567
0.9897316211029059
0.9889736812320424
0.9881830172084934
0.9873590659418892
0.9865012731456677
0.9856090930585943
0.984681989987932
0.9837194398803436
0.9827209361195564
0.9816860052754691
0.9806141757554717
0.9795049781496452
0.9783580302828605
0.9771728397488446
0.97594900383441
0.9746862079263847
0.9733840946584889
0.9720423945798938
0.9706607151599895
0.9692388306078124
0.9677764365622203
0.9662734202166341
0.9647294657702543
0.9631444512201943
0.9615182207469791
0.9598506233707291
0.9581415280235199
0.9563908460117123
0.9545983084323655
0.952764090486351
0.9508872294359406
0.948969070868194
0.9470097616908654
0.9450077422343909
0.942962964536026
0.9408755516760413
0.938745313626407
0.9365719960535791
0.9343552851000683
0.9320947997532324
0.9297901788234871
0.9274407791749305
0.9250460093107878
0.9226051662055129
0.9201158195651417
0.9175804741423432
0.914996358027536
0.9123620310989399
0.9096759922731195
0.9069364551773628
0.9041431301914118
0.9012932454587735
0.8983848821650868
0.8954154885740544
0.7499999948209022
0.7499999877427184
0.7499999682298591
0.7499999199440237
0.7499998042766791
0.7499999999906259
0.7499999999880336
0.7499999999768653
0.7499999999426349
0.7499999998997644
0.7499999999670185
0.7499999999875462
0.7499999972954396
0.7499999967621951
0.4999472452053779
