0.5833333398336554
0.5857945529444706
0.5891270580662936
0.5933985716459598
0.5985991725704236
0.6045591864402123
0.6109510135129261
0.617147233025096
0.6226465000544594
0.6276085410725414
0.6321460155008299
0.6363399176145028
0.6402500617695568
0.6439216293059034
0.6473895242968061
0.6506811726878655
0.6538503943420928
0.6570280601656908
0.6602263548501004
0.6634454779525913
0.6666856329655837
0.66994701773825
0.6732298274234557
0.6765342594607295
0.6798605059936593
0.683208755583523
0.6865791936484723
0.6899719897994828
0.6933873413167349
0.6968254033452754
0.7002863528144545
0.7037703284371282
0.7072774897961986
0.7108079802082629
0.7143619350313332
0.7179394812814945
0.7215407373574072
0.7251658127767057
0.7288148077626064
0.7324878129158022
0.7361849089733388
0.7399061669629986
0.7436516473737503
0.7474214006501347
0.7512154669063464
0.7550338653846437
0.7588766362631716
0.7627437769442156
0.7666352857986422
0.7705511509554057
0.7744913504206559
0.7784558522772371
0.7824446148285349
0.7864575868393375
0.7904947077597969
0.7945559080089944
0.798641109310523
0.8027502250997443
0.8068831612300114
0.8110398156105192
0.8152200949514324
0.8194238527561211
0.8236509799807312
0.8279013473473729
0.8321748197405995
0.836471256451343
0.8407905117954906
0.8451324352423443
0.8494968718620852
0.8538836626164585
0.8582926448367831
0.8627236524329008
0.8671765163062262
0.8716510645859992
0.8761471229204996
0.8806645148800645
0.8852030621518944
0.8897625847412062
0.8943429013908748
0.8989438296793874
0.9035651863024965
0.9082067873581688
0.9128684484578595
0.9175499849631171
0.9222512121173916
0.9269719452933506
0.9317120000378194
0.9364711924349612
0.9412493390314548
0.9460462570513442
0.9508617645254306
0.9556956803971028
0.9605478246062242
0.9654180182119481
0.9703060834603132
0.9752118438794715
0.9801351243453574
0.9850757511423242
0.9900335520206731
0.9950083562839747
