0.5666666616097931
0.5709078858901779
0.5750988037406446
0.5792403365559939
0.583333328461244
0.5873786396553444
0.5913770692071767
0.5953294049741377
0.5992366317590991
0.6030992753653771
0.6069182149173953
0.6106941591327915
0.6144278304458299
0.6181198926922031
0.6217711943017832
0.6253822532860117
0.6289537642486658
0.6324863842753198
0.6359807446776035
0.639437461398368
0.6428571331649513
0.6462403769660092
0.649587748401281
0.6528998221063235
0.6561771529237773
0.6594200453251138
0.6626297430994094
0.665806048388532
0.6689496470618774
0.6720613280750536
0.6751412401197749
0.6781899928560634
0.6821648282598529
0.6941074065009791
0.7019172099302888
0.7049515095680207
0.7081656542863648
0.7115464864704765
0.7150794139976259
0.7187487047356205
0.7225377491598044
0.7264293847614669
0.7304058836715154
0.7344498560351402
0.7385432861329009
0.7430634419732192
0.7483906851612934
0.7540578889719688
0.7600951254021995
0.7665382702291073
0.7727826376365492
0.7768454485068177
0.7809261829923166
0.7850282278347209
0.7891514027853465
0.7932956121086465
0.7974607690672876
0.8016467684259951
0.80585350291778
0.8100808753005886
0.8143287960007547
0.8185973320806503
0.8228861125535116
0.827195156029279
0.8315243600492581
0.8358736488161917
0.840242904694665
0.8446320105511416
0.8490408761827951
0.8534695101097031
0.8579175925374467
0.8623854371610394
0.8668725361365128
0.8713789273346566
0.8759045232444528
0.8804493065802823
0.8850130391513805
0.8895956972615837
0.8941971782451466
0.8988173705308534
0.9034560625185993
0.9081136118800566
0.9127894338983897
0.9174836023505949
0.92219602880848
0.9269266088203485
0.9316752105221957
0.9364418593300081
0.9412263382867705
0.9460284914922392
0.9508485393463404
0.9556860712396553
0.9605410997673122
0.9654135291794517
0.9703032649965461
0.9752101624084821
0.980134296311173
0.9850753186992267
0.9900334448330474
0.9950083399531697
