0.6666666666589546
0.6683501683389208
0.6700336700037075
0.6717171716989361
0.6734006733898634
0.675084175076256
0.6767676767612378
0.6784511784436014
0.6801346801239692
0.6818181818024454
0.6835016834699057
0.6851851851296367
0.6868686867589988
0.6885521883223518
0.6902356896790425
0.6919191903195865
0.6936026903120021
0.6952861932776788
0.696969695807887
0.6986531979918202
0.7003366999409166
0.7020202019426457
0.7037037033891278
0.7053872049163166
0.707070706085494
0.7087542064926601
0.7104377058385235
0.7121212065583031
0.7138047083417418
0.7154882101929205
0.7171717113949373
0.7188552081729473
0.7205387102653826
0.722222216478727
0.7239057163813124
0.7255892148042513
0.7272727067845044
0.7289561877774744
0.7306397306352166
0.7323232323310547
0.7340067339715473
0.7356902356599957
0.7396341344817301
0.7436723057490799
0.7477317833805303
0.7518124528994222
0.7559141490774672
0.7600367159203538
0.7641799998086787
0.7683438271725745
0.7725280448188128
0.7767325037203338
0.7809570576100736
0.7852015324206618
0.7894660287221951
0.7937498630251176
0.7980534389751907
0.8023763685845215
0.8067186911609807
0.8110801069918464
0.8154605286526678
0.8198597271922822
0.8242777868109517
0.8287147510129462
0.8331700323284211
0.8376436497047639
0.8421357595649952
0.8466459981110119
0.8511743328007254
0.855720657946186
0.8602848625154376
0.8648668294138679
0.8694664989938867
0.8740837194198716
0.8787184106378423
0.8833704794270056
0.888039828557353
0.8927263599560088
0.8974299809617521
0.9021505990409815
0.9068881225307048
0.9116424614041387
0.9164135269279601
0.921201230806205
0.9260054849855663
0.9308262024025062
0.9356632977934147
0.9405166839425143
0.9453862773811152
0.9502721385614145
0.9551739392067309
0.9600917096705377
0.965025371120791
0.9699748462267406
0.9749400585571467
0.9799209336879122
0.9849173993129359
0.989929379378998
0.9949568017059123
0.9999999959576757
