0.9999999290877684
0.9999922324871912
0.9999690521807268
0.9999303612221191
0.9998758452361987
0.999805218612215
0.9997183068528551
0.9996148589515231
0.9994945628644692
0.999357107798539
0.9992021494828424
0.9990293183698467
0.9988382092876491
0.9986284000704545
0.9983994295343266
0.9981508059707711
0.9978820236515966
0.997592517799526
0.9972816953353837
0.9969489871942621
0.9965936810855256
0.9962150827882762
0.9958126132943249
0.9953852745201685
0.9949325446258133
0.9944534786508188
0.9939470258808973
0.993412460531267
0.992848906385294
0.9922551526076134
0.9916305183479434
0.9909738485777088
0.9902838707668227
0.9895597525411132
0.9888013080212498
0.9880033006828366
0.9871675721141564
0.9862913036116919
0.9853776542848633
0.9844214012900744
0.9834213269120712
0.9823762427637672
0.9812845384818564
0.9801451937136169
0.9789559002518157
0.9777156459396716
0.9764221652610836
0.9750747384751799
0.9736705939360274
0.9722090629194637
0.9706875359539878
0.9691036226212083
0.9674563869638824
0.9657441778486392
0.9639645368364443
0.9621153072685883
0.8333332606393389
0.8333333333312959
0.8333333333287483
0.833333333309056
0.8333333332191161
0.8333333329333307
0.8333333322223626
0.8333333328049362
0.8333333318944469
0.8333333175219154
0.666666649498017
0.49999999995197086
0.4999999999562493
0.5000003777582276
0.49999999997543093
0.49999999992452016
0.49999999989000043
0.49999999881794926
0.4999999897230295
0.49999999998480005
0.5000000877524755
0.5000000378881765
0.5000000160449878
0.5000000062250235
0.5000000010606606
0.4999999966747848
0.49999998995700895
0.49999997658014167
0.49999994864215663
0.4999998908423829
0.4999997739738033
0.5000000000050447
0.5000000000001749
0.5000000064602892
0.5000000029007108
0.5000000007624369
0.5000000000631803
0.4999999998937228
0.49999999983243304
0.4999999983498258
0.49999999998897926
0.4999999935739515
0.49999872385019256
0.4992621409355994
