0.4333333337746308
0.43980867797534856
0.44764544477708945
0.4561861136043177
0.4652022435157699
0.4746308847639143
0.4844952099025501
0.49484714695835635
0.50574639351904
0.5172273266942934
0.5293304829594198
0.5421070055244817
0.5556197369328604
0.5699640631550266
0.5852434047217626
0.6015705270172972
0.6190818402325393
0.6379438710615034
0.6583654679946566
0.6806238664815027
0.7003366993704865
0.702020202299124
0.7037037036650873
0.7053871918511462
0.7070706902049351
0.7087542087439475
0.7104377104383732
0.7121212121177087
0.713804718604264
0.7154882192791887
0.7171717194029154
0.7188552212417711
0.7205387217693611
0.7222222210334219
0.7239057186068085
0.7255892199437297
0.727272716653675
0.7289562111634047
0.7306396846518037
0.7323232323138189
0.7340067340034406
0.7356902356979513
0.7396341624531415
0.7436723180672091
0.7477318163846944
0.7518125048520041
0.7559142234174443
0.7600368053659565
0.7641800843236686
0.7683439093708812
0.772528124729967
0.7767325846199652
0.7809571477658734
0.7852016834292389
0.7894658912299478
0.7937500447046784
0.7980536016278187
0.8023765660773161
0.8067188078322816
0.8110801984598461
0.815460609197322
0.8198599238829285
0.8242778693413286
0.8287147329396058
0.8331700441418208
0.8376437615261006
0.8421357926586279
0.8466460316862414
0.8511743666732501
0.855720625718009
0.8602848444511682
0.8648668337661574
0.869466439960767
0.874083731593707
0.878718367531381
0.8833704327264016
0.8880398056123395
0.8927263360180411
0.8974299490083989
0.9021505513669176
0.9068880476232802
0.9116425166474564
0.9164135839448948
0.9212013053373107
0.9260053464130511
0.9308263034836984
0.9356634109677595
0.9405168273152326
0.9453864557647746
0.9502722200426932
0.9551737897773254
0.9600918221183883
0.9650255088917126
0.9699749318134528
0.9749402553381503
0.9799211677223618
0.9849176518375157
0.9899296842421439
0.9949571239177151
0.9999999603171985
