1.6666666666644308
1.6582491582467478
1.6498316498284147
1.6414141414113346
1.6329966329936085
1.6245791245758625
1.616161616070887
1.6077441077403103
1.5993265993225103
1.590909090904685
1.5824915824868364
1.5740740740689627
1.5656565662564004
1.5572390572331318
1.5488215488151675
1.5404040407949304
1.5319865319791366
1.523569023561067
1.515151515142961
1.5067340067248105
1.4983164983066222
1.4898989898883916
1.4814814814701163
1.4730639730517987
1.4646464646334343
1.4562289562150237
1.4478114477965704
1.4393939385440047
1.4309764300059897
1.4225589225449145
1.4141414130583239
1.405723905703716
1.3973063972850575
1.3888888888663857
1.3804713804477153
1.3720538720290532
1.363636363610418
1.3552188551918276
1.346801346773302
1.3383838383548614
1.3299663299365343
1.3215488253320784
1.3131313131003257
1.3047138046825053
1.2962962962649174
1.2878787878475901
1.2794612794305578
1.2710437863776443
1.2626262625974751
1.2542087541812244
1.2457912457657363
1.2373737400769012
1.2289562289352454
1.2205387205203777
1.2121212121056586
1.203703703690998
1.1952861952762395
1.186868686861315
1.1784511784461975
1.1700336700305989
1.1616161616145324
1.15319865318456
1.1447811447809653
1.1363636158452748
1.1279461279432068
1.1195286232798387
1.1111111111110583
1.1026936200809871
1.0942760936382105
1.0858586273633877
1.077441077438305
1.0690235325507031
1.0241988071570207
1.052188552120077
1.0212105628036936
1.035353534969593
1.0182666833877896
1.0168325756117491
1.0154320592659882
1.0140710404528634
1.012755655039926
1.0114899367654686
1.0102784598039198
1.0091237960313746
1.0080300500236405
1.007000070709636
1.0060359556292247
1.005139867406527
1.0043135421082714
1.0035583585812116
1.0028753329972417
1.0022651710511479
1.0017282627770574
1.0012647355111344
1.0008744211326868
1.000556922636535
1.0003116314891078
1.0001377236598494
1.0000340752586043
0.9999998804268502
