0.9999998804267711
0.9999913305116658
0.999965560565479
0.9999225571025017
0.9998618225300894
0.9997831861927923
0.9996864301692268
0.9995712902799122
0.9994375012889093
0.9992847453634329
0.9991127221218232
0.9989211160887103
0.9987095920981757
0.9984777954117224
0.9982253805898218
0.9979519504908414
0.997657147062251
0.9973405532789467
0.9970017580561764
0.9966403398019997
0.9962558727967524
0.9958479268121343
0.995416050339732
0.9949597143459014
0.9944784983526036
0.9939718241380947
0.9934393055053777
0.9928804704081843
0.9922947708696427
0.991681542490223
0.9910402406097876
0.9903703399344078
0.9896713260799712
0.988942485193599
0.9881832527603327
0.9873929806348823
0.9865709250418127
0.9857165844333984
0.9848290671775543
0.9839075855651868
0.9829513575524552
0.9819601787695486
0.9809325216726018
0.979867667470661
0.9787647678532109
0.9776229053066553
0.9764407789807962
0.9752180887036332
0.9739529806023628
0.9726408116103962
0.8333333320264157
0.8333333300650239
0.8333333252226346
0.8333333134617371
0.83333328539377
0.8333332202110604
0.8333330236888561
0.8333332939351219
0.8333333002374874
0.8333333043319653
0.8333333091637798
0.8333333132920948
0.8333333167352401
0.8333333195004105
0.833332547371119
0.8333331950020859
0.8333333306799299
0.8333333332943345
0.8333333332571244
0.8333333241474825
0.8333333330573488
0.8333333328198386
0.8333333323899764
0.8333333169316068
0.8333333302496189
0.8333333278326437
0.8333333235958952
0.8333333162144089
0.8333333034219791
0.8333332813678164
0.8333332435474119
0.8333331790597555
0.8333331565027379
0.833332886245505
0.8333329992918286
0.8333333333284352
0.8333333333253753
0.8333333333177575
0.833333333299648
0.8333333332605815
0.8333333331903103
0.8333333331049066
0.8333333330974474
0.8333333332551348
0.8333330887801411
0.8333326011078387
0.8333333327117549
0.8333333326346435
0.8333325750333936
0.3333332494126503
