0.9999999960026867
1.0000342234699637
1.0001378125296205
1.000312138574141
1.0005586058780382
1.0008786197350854
1.0012736988304711
1.001745411410644
1.0022952257646243
1.0029258297965247
1.0036375805491307
1.0044330536196893
1.0053141020516037
1.006282827012532
1.007341490293799
1.0084925709779216
1.0097386332089986
1.0110825950753874
1.0125285135572204
1.0140790118007206
1.0157387008396144
1.0175123860599384
1.019405771994636
1.0269331658053937
1.0353533521396723
1.043770655685166
1.0521869985106824
1.060604067417728
1.0690222399561522
1.0774401338252084
1.0858580350378908
1.094275991921307
1.1026896099822294
1.1111110704143141
1.1195286187820823
1.1279448375311383
1.1363636362398404
1.1447811445800613
1.153198652602621
1.161616161067703
1.170033669576343
1.1784497063077357
1.1868679794393788
1.1952850238349177
1.2037024844470003
1.2121211514697412
1.22053869116891
1.2289561892318834
1.2373736906861397
1.2457912360944194
1.2542087406499904
1.262626257411249
1.2710437663886454
1.2794612792591973
1.2878787877629922
1.2962962960812
1.3047138046645816
1.3131313130737998
1.3215488214729927
1.3299663203219947
1.3383834849202898
1.3468012328649652
1.355218822844248
1.3636363405702538
1.3720538472354216
1.380471306230979
1.388888262597845
1.3973061898538335
1.405723798871996
1.4141413704481034
1.4225588946244767
1.4309763627214562
1.4393939215717728
1.4478114477717177
1.4562289562077135
1.4646464641823054
1.473063967379412
1.4814810318286598
1.4898970238507998
1.4983164980843036
1.506734006542195
1.5151515129560267
1.5235690233309325
1.5319865317057337
1.5404040402508177
1.5488215486701515
1.5572390537649712
1.5656518974390032
1.5740740572301473
1.5824911612573176
1.590909070875839
1.5993224697732042
1.6077404681974574
1.6161578834225223
1.6245751622554052
1.632992402224266
1.6414096282765323
1.649826829433236
1.6582440364267677
1.6666666617216463
