1.6666667513189872
1.6582491574576224
1.6498316489523828
1.6414141404355023
1.6329966319103404
1.6245791233703573
1.616161614815691
1.6077441225101066
1.5993265976546014
1.590909089043667
1.582491656654181
1.5740740717141977
1.5656565630520471
1.5572390543295462
1.5488215455645893
1.540404149532605
1.5319865278970966
1.5235690902943355
1.51515151000283
1.506734000951019
1.498316491816672
1.4898989825884807
1.4814814732536106
1.4730639637962961
1.4646465468507506
1.4562289444509804
1.4478114345196726
1.4393939380433218
1.4309764207678712
1.4225589033784203
1.414141395757964
1.405723893793544
1.3973063933651975
1.3888888573235791
1.3804713562141009
1.37205385836437
1.36363633969935
1.3552188347796004
1.3468013019145537
1.3383837937351457
1.3299662945199144
1.3215487665865369
1.31313127385554
1.3047137583169819
1.2962962478573208
1.2878787571468968
1.2794612794612552
1.2710437710437386
1.2626262626262255
1.2542087542087064
1.2457912457911828
1.2373737373736617
1.2289562289561264
1.220538720538589
1.2121212121210407
1.2037037037034748
1.1952861952858933
1.1868686868682952
1.178451178450661
1.170033670032983
1.1616161616152583
1.1531986531974712
1.1447811447795988
1.1363636363616185
1.1279461279435106
1.119528619525232
1.1111111111067857
1.1026936117251493
1.0942760942691834
1.08585858585049
1.077441077433202
1.0690235690173748
1.0606060606024859
1.0521885521873353
1.0437710437708942
1.0353535049033284
1.026936026935979
1.0185185185184769
1.0137395171725234
1.012549453804972
1.0113929901647025
1.0102759547491944
1.0092029201166697
1.0081778183691747
1.0072043141581972
1.0062854225065303
1.0054237664843937
1.0046216543261375
1.0038809128952038
1.003203085408311
1.0025893494161244
1.0020405726041082
1.0015572975625184
1.0011398032585
1.000788090922956
1.000501916897422
1.0002808114255184
1.0001240680255004
1.0000306743195813
0.9999999290877664
